0.0539489
0.0520963
0.0428764
0.048068
0.0405397
0.0407559
0.0494711
0.0413198
0.0449345
0.0402535
0.0398218
0.0400104
0.0432965
0.0407484
0.0435444
0.0396345
0.0392512
0.0407137
0.0425039
0.0416195
0.041878
0.0466551
0.0416434
0.0464709
0.0380155
0.0424244
0.039336
0.043955
0.0401381
0.038381
0.0397645
0.0407249
0.040212
0.0424303
0.0409305
0.0462476
0.0399368
0.0415545
0.0397819
0.0417533
0.0420711
0.0381248
0.0496651
0.0434498
0.0456503
0.049341
0.0357269
0.0413699
0.0388964
0.043198
0.0398627
0.038726
0.0426686
0.0396379
0.0426688
0.0424785
0.039924
0.0401803
0.0404417
0.0388945
0.04138
0.0382492
0.0401174
0.0376855
0.0397878
0.0414793
0.0396694
0.0412332
0.0383658
0.042559
0.0485471
0.0403865
0.0366233
0.0412935
0.0430593
0.0401578
0.0388832
0.036295
0.0389957
0.0389264
0.0418941
0.0407496
0.0388433
0.0399112
0.0398865
0.0397901
0.0404571
0.0389527
0.0349962
0.0357782
0.0356016
0.0460638
0.0567108
0.0353143
0.036804
0.0425578
0.0375602
0.0466234
0.032521
0.0380155
0.0349736
0.0377907
0.0356501
0.0345577
0.0333188
0.0360216
0.0367203
0.0334771
0.037272
0.0347292
0.0380223
0.0346226
0.0397814
0.0418886
0.032746
0.0342683
0.0333257
0.03476
0.0346181
0.0438081
0.0364126
0.034445
0.0392894
0.0326337
0.0343742
0.0349673
0.0420785
0.0351617
0.0314482
0.0369218
0.0329759
0.0320449
0.034185
0.029016
0.0314442
0.0310533
0.0341576
0.037863
0.0309908
0.0302624
0.0299754
0.0368465
0.0340235
0.0333685
0.0344638
0.0292227
0.029331
0.0313586
0.0343271
0.0313461
0.0327291
0.0347103
0.0312645
0.0308957
0.0298164
0.0307335
0.0306583
0.027982
0.0320091
0.0286799
0.027314
0.0307403
0.0297843
0.0307798
0.0287731
0.0282815
0.0281611
0.0303374
0.0285669
0.0279698
0.0247026
0.0350365
0.0322523
0.0289624
0.0277808
0.0338889
0.0289914
0.0324905
0.0293312
0.0308999
0.0285038
0.0333781
0.0284644
0.0311926
0.0294933
0.0340248
0.0282063
0.0347951
0.0307669
0.0299309
0.0324124
0.0303654
0.0257329
0.0289775
0.0280256
0.0312619
0.0289914
0.0335571
0.0293264
0.030083
0.0278302
0.030503
0.0297384
0.0307308
0.0273264
0.0266468
0.0358683
0.0280251
0.0299703
0.0272873
0.0317182
0.0264183
0.0285025
0.0306111
0.0310222
0.0281163
0.0275153
0.028605
0.0305692
0.0326858
0.0257489
0.0309399
0.0330786
0.0298337
0.0279606
0.0257026
0.0281438
0.0281418
0.0322205
0.0304849
0.0316196
0.0289824
0.0305139
0.0318761
0.0338109
0.0321815
0.0297543
0.036104
0.0297829
0.028774
0.0368842
0.0256491
0.0305714
0.028556
0.0284184
0.0268563
0.0321686
0.034469
0.0279089
0.0327833
0.0309276
0.0277382
0.0287305
0.0286485
0.0281952
0.0328739
0.0312555
0.0292229
0.0320036
0.0301224
0.0372249
0.0290972
0.0398718
0.0324947
0.0302335
0.0305064
0.0310151
0.0356303
0.029296
0.0289736
0.0283154
0.030885
0.0268113
0.0288872
0.0339524
0.0276892
0.0319738
0.0282154
0.0308675
0.0323495
0.0251084
0.029473
0.0359734
0.0304358
0.0307521
0.0311165
0.0277704
0.026985
0.0287076
0.0272529
0.0288002
0.0300345
0.0316109
0.0278614
0.029821
0.026138
0.033754
0.0308843
0.0332443
0.0287749
0.0292118
0.0351344
0.0310322
0.0274403
0.0292605
0.0298196
0.0296286
0.0303683
0.0285911
0.0300583
0.0306484
0.0339343
0.0285325
0.0282299
0.02908
0.030422
0.0296739
0.0281453
0.02933
0.031317
0.0329109
0.031298
0.0318059
0.0331578
0.0340943
0.030401
0.028026
0.0335544
0.0286881
0.0293993
0.0295885
0.035986
0.0316827
0.0288486
0.0304014
0.0282603
0.0261782
0.0282683
0.0284057
0.0343256
0.0287936
0.0366173
0.0317474
0.0286752
0.0322385
0.0313176
0.0299138
0.0326085
0.034598
0.0328752
0.0303332
0.0281828
0.0367068
0.0305809
0.0353087
0.0260438
0.0315107
0.0306471
0.0286547
0.030832
0.0308123
0.0304214
0.0357755
0.0278015
0.0325977
0.0281804
0.0288619
0.0322635
0.027791
0.0331546
0.0297309
0.0286556
0.0261886
0.0317052
0.0291007
0.0272042
0.033595
0.0356276
0.031443
0.0334251
0.0310387
0.0321794
0.0339532
0.0310812
0.0325651
0.0307921
0.0312346
0.0336409
0.0285883
0.031221
0.0294948
0.0271824
0.0291392
0.0312669
0.0287295
0.026617
0.024599
0.0286734
0.0262615
0.0359478
0.0348858
0.0348829
0.0322658
0.0291114
0.0317967
0.030644
0.0372984
0.0323154
0.0300663
0.0304825
0.0306404
0.0319851
0.0313201
0.0281622
0.0352146
0.0326803
0.0327494
0.0284971
0.0336494
0.0345305
0.0298042
0.0348008
0.0343681
0.0327279
0.0384195
0.0322253
0.0311452
0.0334349
0.0332751
0.0317288
0.0354347
0.0331564
0.028871
0.0306404
0.0320184
0.0321148
0.0328591
0.0362799
0.0328793
0.0300943
0.0321096
0.0302141
0.0315888
0.0343723
0.0348508
0.0324055
0.031386
0.0380263
0.0296252
0.0323652
0.0341498
0.0343043
0.0317125
0.031996
0.0342415
0.0335581
0.0289795
0.0336165
0.0363439
0.0352831
0.033899
0.0297402
0.0309636
0.0350669
0.0382201
0.0316697
0.0323728
0.0298525
0.0322746
0.0332399
0.0368207
0.0340917
0.0333689
0.0339479
0.0330335
0.0301955
0.0286633
0.0311264
0.0319318
0.0375604
0.0332208
0.0342134
0.0437951
0.0331975
0.0343363
0.0399437
0.0341555
0.0359407
0.0359115
0.0355429
0.0354656
0.0335797
0.0327193
0.0331623
0.0385769
0.033895
0.0345056
0.0351206
0.032843
0.032815
0.0358467
0.0327912
0.0331906
0.0299328
0.0305056
0.0303669
0.0339322
0.0306077
0.0341916
0.033361
0.0327521
0.033077
0.0342867
0.0385369
0.0365173
0.0356795
0.0325504
0.0332877
0.0353845
0.0343102
0.0336192
0.0397881
0.031967
0.0356947
0.0402471
0.0346133
0.0364705
0.0308556
0.0400317
0.0344633
0.0327238
0.0298282
0.0375641
0.0339299
0.0363353
0.0474954
0.0353844
0.0376836
0.0343483
0.0352972
0.0338433
0.0384447
0.0379705
0.0420541
0.0392873
0.0416364
0.043763
0.0377627
0.0382889
0.0444845
0.0435442
0.0435291
0.0532744
0.0432437
0.0439148
0.0418533
0.0414235
0.0464378
0.0438555
0.0388804
0.0437531
0.0481155
0.0424664
0.0457821
0.046655
0.0442132
0.0442215
0.0473178
0.0437909
0.0450105
0.0510924
0.044559
0.0471996
0.0538791
0.042873
0.0464267
0.0540378
0.043245
0.0440001
0.0437924
0.0474745
0.0462463
0.0450649
0.0404003
0.0465623
0.0440116
0.0415375
0.047118
0.0455209
0.045571
0.0538999
0.0471274
0.047422
0.0438834
0.0473414
0.045814
0.0425193
0.0450663
0.0440298
0.0472181
0.0476935
0.0466103
0.0453752
0.0454264
0.0411929
0.0488057
0.0440532
0.0520372
0.0475284
0.044779
0.0416358
0.0434375
0.057
0.0422319
0.0443479
0.051794
0.044662
0.0445309
0.0439653
0.0437871
0.0436631
0.0437809
0.0439519
0.0425637
0.0429716
0.0448545
0.0487145
0.0417723
0.0469085
0.04668
0.0454982
0.0449764
0.0476657
0.0485746
0.0464096
0.046276
0.0509359
0.0446199
0.0485197
0.0468584
0.0419495
0.0447942
0.041377
0.0530215
0.0414198
0.0439762
0.0439664
0.039823
0.041657
0.039087
0.0415324
0.0406374
0.0415971
0.0384313
0.0363866
0.0431982
0.0393383
0.044501
0.0425826
0.0467805
0.044496
0.0513493
0.0507368
0.0473182
0.0469621
0.0448769
0.0444897
0.048277
0.0448741
0.047137
0.0469209
0.0449698
0.0530933
0.0451861
0.0426093
0.0422545
0.0429835
0.0429852
0.0485903
0.0478186
0.0426239
0.0409097
0.0433657
0.0414055
0.0407994
0.0407881
0.0461103
0.0524749
0.0446819
0.0479007
0.0385785
0.0476176
0.0423314
0.0376278
0.0430009
0.043974
0.0466748
0.0424762
0.0446099
0.0392355
0.0401424
0.041619
0.0396278
0.0395432
0.0397337
0.0494578
0.0441226
0.0400597
0.0480647
0.0450195
0.0420107
0.0379914
0.0485891
0.0391351
0.0434022
0.0405336
0.0393158
0.043728
0.0396916
0.0400092
0.0440709
0.0449676
0.0409681
0.0443895
0.0422801
0.0416256
0.0460549
0.0443408
0.0403414
0.0424142
0.0450609
0.0394446
0.0395758
0.0395709
0.0486582
0.039615
0.0401671
0.0394748
0.0383586
0.039456
0.0394652
0.0388663
0.0430567
0.0417061
0.0373243
0.0448707
0.0425209
0.0378038
0.0350392
0.038928
0.0379797
0.0354367
0.0391257
0.0368972
0.0366443
0.0436058
0.0393857
0.0391571
0.044892
0.0378031
0.0372252
0.0468746
0.0389366
0.03725
0.0354338
0.0405062
0.0410925
0.039977
0.0388767
0.0372063
0.0368498
0.0377078
0.0364564
0.0398593
0.0398028
0.0427246
0.037288
0.0412444
0.0372895
0.0437087
0.0443232
0.0394921
0.0374688
0.0365829
0.0405716
0.0426829
0.0385945
0.0385897
0.0366677
0.040265
0.0389913
0.0395103
0.0355963
0.0418912
0.038823
0.0459057
0.0372247
0.0393795
0.0397252
0.0412276
0.0374121
0.0367016
0.0361913
0.0344349
0.0399324
0.0375785
0.0387036
0.0369516
0.0362604
0.037127
0.0369831
0.0481638
0.0364865
0.036348
0.0365692
0.0455938
0.0390927
0.0451084
0.0394701
0.0364049
0.0395355
0.0338726
0.040504
0.0401127
0.0350657
0.0330085
0.0362256
0.0328282
0.0351116
0.0399623
0.0448451
0.0350504
0.0371641
0.0369066
0.0367855
0.039879
0.0364979
0.0352295
0.033812
0.0337369
0.0360472
0.036298
0.0379574
0.0360334
0.0365803
0.0346725
0.0351973
0.0374405
0.0349721
0.0335166
0.0363229
0.0385389
0.035188
0.0361995
0.0338834
0.0353079
0.0351255
0.0345438
0.0341465
0.0361053
0.0337259
0.0316165
0.0344461
0.0343541
0.0316776
0.0329908
0.0372538
0.0343534
0.0360141
0.0352557
0.0374288
0.0387827
0.0344843
0.0406067
0.0314233
0.0350769
0.0347017
0.0360289
0.0311724
0.0323266
0.0333876
0.0365612
0.0417308
0.0327611
0.0321547
0.0367379
0.0298645
0.0328515
0.0325355
0.0298319
0.0319146
0.0292461
0.0296329
0.0323314
0.0331789
0.0328455
0.0387343
0.0307197
0.0383875
0.0376634
0.0335443
0.0308991
0.0313844
0.0326344
0.0287811
0.0309047
0.0377277
0.0303945
0.0318754
0.0324764
0.0327208
0.0368028
0.0297151
0.0277249
0.0327967
0.0329657
0.0279303
0.035246
0.029158
0.0357676
0.0295596
0.0307884
0.0316782
0.0407629
0.0363401
0.0336114
0.0321005
0.033332
0.0316811
0.0300707
0.0291785
0.0329356
0.0306842
0.029136
0.033749
0.0329106
0.035263
0.0291607
0.0332519
0.0309258
0.0360585
0.0291616
0.0337169
0.0361078
0.0346366
0.0327226
0.0327101
0.0312531
0.0329266
0.0371613
0.0290816
0.0338161
0.030144
0.0322628
0.0283385
0.0333322
0.0320997
0.0306524
0.0302962
0.0316875
0.0322919
0.0318954
0.0320999
0.0307897
0.0336222
0.0323992
0.0290365
0.0339694
0.031664
0.0302909
0.0305098
0.0356035
0.0312208
0.0390709
0.034416
0.0352718
0.0331876
0.030724
0.0311512
0.0343428
0.0295103
0.0308146
0.0373902
0.034842
0.0305998
0.0319425
0.0301467
0.0272983
0.0347904
0.0326813
0.0381747
0.0307667
0.0293287
0.0314251
0.0342952
0.0318214
0.0304371
0.0265495
0.0274351
0.0292171
0.0334795
0.0296609
0.0306631
0.0313345
0.0322991
0.032872
0.0301676
0.0316302
0.0309602
0.031632
0.0306371
0.0301701
0.0294141
0.0312292
0.0317723
0.0301869
0.0290331
0.0348625
0.0319055
0.0304224
0.0297696
0.0308119
0.0303936
0.0305565
0.0302116
0.0325034
0.0319532
0.0314353
0.0388499
0.0341363
0.0375239
0.0312832
0.0321348
0.033753
0.031476
0.0361959
0.0359004
0.0343289
0.0332503
0.0349764
0.0356697
0.034093
0.0363117
0.0338724
0.035792
0.0346842
0.0336625
0.033724
0.0326017
0.0336324
0.0362493
0.0327691
0.0343334
0.0341099
0.0339964
0.0381609
0.0444168
0.0361471
0.0364426
0.0443998
0.0337309
0.0340339
0.0383487
0.0344165
0.0374395
0.0340696
0.0335817
0.0353109
0.0402111
0.0324653
0.0395201
0.0342522
0.0345853
0.0355976
0.0342896
0.0333418
0.0355471
0.0346496
0.0354658
0.0341565
0.0385507
0.0361632
0.0354588
0.0389342
0.0324423
0.0346149
0.0335873
0.0327645
0.0404012
0.0332722
0.0346768
0.0346165
0.0387862
0.0353401
0.0353661
0.0370214
0.0455928
0.0341613
0.0346792
0.0352639
0.0365806
0.0369178
0.0358761
0.0336655
0.0398152
0.0356782
0.0364326
0.0353091
0.038216
0.0359441
0.0399576
0.03447
0.0364606
0.0355898
0.0365005
0.0424659
0.0325914
0.0351635
0.0372614
0.0363613
0.0346773
0.0385626
0.0387156
0.0364206
0.0386715
0.0358685
0.0394159
0.0387883
0.0377294
0.0421683
0.0409079
0.04198
0.036161
0.0351229
0.0378241
0.0462983
0.0411369
0.04304
0.0400928
0.0415335
0.0369166
0.0404918
0.0375588
0.0416681
0.0374342
0.0373789
0.0373918
0.0409916
0.0388285
0.0389657
0.0419291
0.0396338
0.0389361
0.0379831
0.0397202
0.0444756
0.0382546
0.0410265
0.0470298
0.0394684
0.0398918
0.03938
0.0390929
0.0399894
0.0386985
0.0391588
0.0405002
0.040043
0.0413701
0.039802
0.0411143
0.038118
0.0389763
0.0426458
0.0406103
0.0403404
0.0429651
0.0384084
0.0452554
0.0423891
0.0409233
0.0406172
0.0440698
0.0428921
0.04366
0.0409286
0.0442071
0.0407255
0.0384058
0.0419916
0.0398173
0.0414904
0.0414605
0.0433043
0.0410825
0.038254
0.0411841
0.0467262
0.0407422
0.0438224
0.0454024
0.0402009
0.040488
0.0398069
0.0449443
0.0421056
0.0430817
0.0403887
0.0417742
0.0421966
0.0396411
0.0417421
0.0394431
0.0402635
0.0448883
0.0422148
0.0392434
0.0412384
0.040902
0.0427298
0.0400276
0.0408549
0.0443807
0.0419922
0.0393676
0.0410113
0.0426924
0.0390402
0.040555
0.0386387
0.0422323
0.0469461
0.0417914
0.0425477
0.037315
0.0410068
0.0375428
0.0430615
0.0403271
0.0417997
0.0392074
0.0384065
0.0446211
0.0371778
0.0341956
0.0388361
0.0341066
0.0370666
0.0377041
0.0408938
0.0361216
0.0382457
0.0393638
0.0442974
0.0366051
0.0383029
0.0410289
0.0419364
0.036143
0.0360691
0.0380645
0.0351485
0.036771
0.0418195
0.0346056
0.0401427
0.041775
0.0452028
0.0385809
0.0383789
0.0366795
0.038279
0.0427681
0.035354
0.0406249
0.041606
0.0394158
0.0388378
0.0440489
0.0434358
0.0445839
0.0393212
0.0414791
0.0424671
0.044173
0.0401146
0.0448858
0.0455019
0.0456145
0.0407742
0.0397685
0.0395158
0.0421235
0.0460631
0.0446155
0.0385511
0.043949
0.0419667
0.0389104
0.0427046
0.0409614
0.0454428
0.0396618
0.0392929
0.0431833
0.0438628
0.0398869
0.0385902
0.041603
0.0384524
0.0379582
0.0370948
0.0389084
0.0426954
0.0361962
0.0439181
0.0397859
0.0446284
0.0402521
0.042619
0.0442634
0.0412063
