0.0656126
0.0732749
0.0558762
0.0574533
0.0506852
0.0512881
0.059318
0.0574728
0.0607498
0.0552753
0.0549044
0.053509
0.060466
0.0540852
0.0563331
0.0546275
0.0561125
0.0557955
0.0626741
0.0613562
0.0597863
0.0645886
0.0611222
0.0631589
0.0620803
0.0600933
0.0568578
0.0608483
0.0625924
0.0551673
0.056053
0.059834
0.057315
0.0588816
0.0581961
0.0714381
0.0632836
0.0587155
0.0587127
0.0621598
0.0610082
0.0574084
0.0675398
0.0625074
0.0632852
0.0698674
0.0600672
0.0600636
0.0601517
0.0616372
0.0594562
0.0573104
0.0596712
0.058551
0.0605857
0.0602876
0.063771
0.0577879
0.0601891
0.0596536
0.0625963
0.0580994
0.0625545
0.0603435
0.060463
0.0630592
0.0594796
0.059709
0.0623049
0.064747
0.0698258
0.0611244
0.0583932
0.0620876
0.0635425
0.057822
0.0588709
0.0572001
0.0584142
0.0588097
0.0622278
0.0603745
0.0587708
0.0592424
0.0629198
0.0632832
0.0619705
0.0609865
0.055865
0.0606547
0.0575842
0.0669987
0.0762471
0.0612756
0.0653096
0.0633549
0.0591441
0.0691432
0.0521638
0.0587168
0.0548602
0.0579212
0.0562472
0.0550675
0.0524137
0.0538661
0.0543887
0.0547046
0.0573437
0.0564913
0.056879
0.0529588
0.0589669
0.0623917
0.0510292
0.0550182
0.0536851
0.0554119
0.0551176
0.0636845
0.0571472
0.0544088
0.0584352
0.0527369
0.0534472
0.0632169
0.064466
0.0540116
0.0526271
0.0555076
0.0498018
0.0511932
0.0524408
0.048618
0.0510148
0.0526252
0.05113
0.0619815
0.0459198
0.0467659
0.0489926
0.0561841
0.0477257
0.0499651
0.0493458
0.0471133
0.0453065
0.0443424
0.0457592
0.045483
0.0477781
0.049641
0.0459658
0.0483784
0.0470031
0.0448413
0.044524
0.0454506
0.0490325
0.041374
0.0405486
0.0437658
0.0467687
0.0421781
0.0476848
0.0423817
0.0416062
0.0438053
0.0469165
0.0454755
0.0405711
0.051015
0.0471639
0.043365
0.0469821
0.0592451
0.0492597
0.0461998
0.0470275
0.0559675
0.048841
0.0516159
0.0466721
0.052325
0.0449117
0.0510446
0.0458406
0.0486403
0.044875
0.0559798
0.0511073
0.0506116
0.0449942
0.049424
0.0456522
0.0493189
0.0416607
0.051235
0.0482784
0.0490019
0.046572
0.0489013
0.0508062
0.049415
0.0505405
0.0436588
0.0583635
0.0456282
0.0552428
0.0464577
0.050675
0.0386166
0.050156
0.047336
0.0580338
0.0539694
0.0528931
0.050655
0.0571228
0.0487098
0.0496894
0.0539067
0.0568892
0.0435356
0.0431894
0.0458135
0.0497831
0.0497988
0.0480112
0.0556191
0.0549557
0.0590092
0.0517194
0.065202
0.0573691
0.0605938
0.0593294
0.0528133
0.0576413
0.0478908
0.0587787
0.0560254
0.0561923
0.0460261
0.0590335
0.041347
0.0598205
0.0469785
0.0539213
0.0629724
0.0545146
0.0598617
0.0424676
0.0469506
0.0538521
0.0644766
0.054933
0.0543176
0.0543426
0.0522588
0.0643444
0.0504553
0.0738476
0.052762
0.0613869
0.0565421
0.0598795
0.0646892
0.0630694
0.0559014
0.0567838
0.0586576
0.0555388
0.0559264
0.0560655
0.0502828
0.0593611
0.0534594
0.0701607
0.0674915
0.0608362
0.0662989
0.0750443
0.0645706
0.0529058
0.053769
0.0556897
0.0557414
0.0576377
0.049004
0.0472649
0.0422654
0.0747321
0.0479593
0.0507467
0.0626868
0.0602503
0.0583894
0.0783144
0.0437053
0.0599538
0.0714671
0.061416
0.0591306
0.0710607
0.0688741
0.0592592
0.0733701
0.0557084
0.051923
0.0613662
0.0706669
0.0740035
0.0611493
0.075185
0.0591624
0.0801008
0.0653674
0.0572104
0.0680818
0.054774
0.0606037
0.0544495
0.0698045
0.0804139
0.0679989
0.0580325
0.0803609
0.0585765
0.0763222
0.0597826
0.0718979
0.0645153
0.0575927
0.0593146
0.0682039
0.0490428
0.0623541
0.0531423
0.0714948
0.06818
0.0764723
0.0730095
0.0576063
0.0601916
0.0519742
0.0799063
0.0696349
0.0660995
0.0737751
0.069695
0.0668736
0.0669238
0.0795743
0.0825746
0.0647761
0.0827419
0.0702825
0.0680509
0.0724928
0.0730556
0.0702731
0.0670344
0.0588925
0.0750983
0.057196
0.0656274
0.0827772
0.0794974
0.0867853
0.0606488
0.060352
0.0491632
0.0820593
0.0694846
0.0592781
0.0561345
0.0859611
0.0726401
0.0545598
0.0703643
0.0719163
0.0555341
0.0738363
0.0660124
0.0559743
0.0635126
0.0770022
0.0720293
0.0736658
0.0699418
0.0700793
0.0726654
0.0640617
0.0616828
0.0580217
0.0558716
0.0605655
0.0603842
0.0613995
0.068008
0.0799868
0.056173
0.071835
0.0763575
0.0823061
0.0733299
0.0747048
0.0740404
0.0544197
0.0628608
0.0683491
0.0747749
0.0520561
0.0594056
0.0669757
0.0785521
0.071307
0.0648072
0.0677511
0.0696887
0.0596579
0.0593471
0.0560998
0.0662523
0.0602203
0.061088
0.0689388
0.0817162
0.080553
0.0731258
0.0707895
0.0426142
0.0544148
0.0556091
0.0594372
0.0597668
0.0632646
0.0760491
0.0577472
0.0690021
0.0570523
0.0580937
0.0725692
0.0604445
0.061053
0.0577072
0.0638674
0.0579383
0.0621324
0.0598309
0.0608178
0.068361
0.0617486
0.0615818
0.0683878
0.0555126
0.0599111
0.0635621
0.0652765
0.0601038
0.0555129
0.0664155
0.0590622
0.0586058
0.0558392
0.0579402
0.05562
0.0575927
0.0585378
0.0615715
0.0747173
0.0757518
0.0603051
0.0589422
0.070524
0.0721123
0.0643881
0.0590966
0.0651466
0.0571141
0.0619492
0.0737289
0.0585348
0.0741667
0.0687209
0.0624158
0.0616987
0.0624525
0.0684839
0.0646268
0.0644049
0.0638096
0.0723027
0.0696045
0.06242
0.0624448
0.0614764
0.0639365
0.0617183
0.0633196
0.0586711
0.0598242
0.057068
0.0587841
0.0617943
0.065261
0.0611728
0.0645681
0.0654673
0.0661423
0.0640868
0.0633734
0.066975
0.066399
0.0653189
0.0622578
0.0619207
0.0831459
0.0786157
0.0832401
0.0875384
0.0775988
0.083289
0.0735811
0.0780398
0.0832022
0.0721664
0.0868446
0.0776646
0.0797152
0.0713741
0.0821139
0.0803631
0.0811914
0.0975822
0.0795475
0.0822497
0.0789989
0.0826447
0.0821376
0.085989
0.0918429
0.0897554
0.0919408
0.0948147
0.0929877
0.0874366
0.0838165
0.0912601
0.0777692
0.0934461
0.107182
0.0968783
0.09671
0.0901963
0.0937587
0.0925535
0.0948432
0.0933786
0.0946364
0.102036
0.108243
0.096009
0.102825
0.0932821
0.0918612
0.0826823
0.095925
0.101225
0.0878608
0.0948404
0.0992467
0.0947819
0.0934307
0.104488
0.109572
0.0933492
0.0966329
0.0957901
0.095297
0.087071
0.0657068
0.0901229
0.0976733
0.0781971
0.0919893
0.0817498
0.0988212
0.0972988
0.112521
0.0948125
0.104854
0.0945082
0.0978648
0.0773644
0.0903411
0.0963192
0.0917661
0.0804419
0.0921926
0.0709732
0.0836479
0.0749595
0.0801988
0.0804009
0.0881356
0.0906838
0.0759901
0.0834117
0.0816759
0.0794397
0.0901897
0.0786741
0.0818116
0.0895524
0.082376
0.0811695
0.0783987
0.0831432
0.083517
0.081571
0.0858416
0.0792484
0.0768544
0.0830773
0.0876357
0.0801645
0.08599
0.0881163
0.0841892
0.0855341
0.0894597
0.0864628
0.0845748
0.0861471
0.09038
0.0849711
0.0888591
0.085904
0.0794603
0.0863426
0.0679111
0.0839604
0.0721094
0.0769224
0.0763037
0.0749624
0.0747343
0.0780864
0.0729189
0.0718514
0.0724691
0.0710419
0.0672741
0.0763535
0.0699928
0.0764116
0.0728855
0.0778921
0.0743833
0.0815911
0.0806305
0.079093
0.0767673
0.0751441
0.0735741
0.0792822
0.0757032
0.0767242
0.0554363
0.0729247
0.0802463
0.0767358
0.0740082
0.0745908
0.0728143
0.072437
0.0774146
0.0787825
0.0708508
0.0735768
0.0724556
0.0717171
0.0734894
0.0697899
0.075206
0.079646
0.074887
0.0772453
0.0700935
0.0754915
0.0719393
0.066402
0.0719577
0.0765249
0.0775193
0.0735082
0.0768191
0.0706596
0.0721496
0.0753508
0.0698133
0.0705432
0.0691184
0.0862816
0.0740711
0.070283
0.0770658
0.0775804
0.0746105
0.0681437
0.0775925
0.0672231
0.0731782
0.0710224
0.0694788
0.071657
0.0701326
0.0511626
0.0711293
0.0766851
0.0732006
0.0735573
0.0733321
0.0730081
0.0738865
0.0715926
0.0738017
0.0513856
0.0552428
0.0681949
0.0693132
0.0700615
0.0798494
0.0684682
0.0713175
0.0721514
0.0687997
0.0727433
0.0667799
0.0680105
0.0783701
0.0509836
0.0496493
0.0606148
0.0527162
0.0467021
0.0442206
0.0498641
0.0477262
0.0463917
0.0480998
0.0483283
0.0502735
0.0548344
0.049153
0.0479272
0.0516884
0.0454148
0.0459745
0.0585385
0.0483189
0.0471962
0.0466859
0.0544645
0.0517712
0.049058
0.0502243
0.0494339
0.0464306
0.0468095
0.0480296
0.0497073
0.0517598
0.0535642
0.0495375
0.0503007
0.049385
0.0578073
0.0549928
0.0535532
0.0502699
0.0562559
0.0542405
0.0595087
0.0495212
0.0480955
0.0478118
0.0551991
0.0536412
0.0484172
0.0466569
0.0523035
0.0489491
0.0580889
0.0477393
0.0533169
0.0490594
0.0523719
0.0479916
0.048187
0.0472857
0.0427946
0.0487231
0.0508508
0.0516788
0.0500276
0.0550137
0.0429438
0.0450477
0.0589415
0.0501842
0.0502131
0.0519045
0.0601897
0.0540049
0.0569447
0.0530929
0.0491577
0.0509727
0.0515435
0.0509403
0.0532126
0.0471022
0.0458547
0.0449352
0.0447134
0.0467146
0.0522722
0.0593134
0.0442747
0.0507426
0.04786
0.0494917
0.0517513
0.0503958
0.0503223
0.0453538
0.0479428
0.0474812
0.0451168
0.0479249
0.0484782
0.047371
0.0442175
0.0487734
0.0463421
0.0462739
0.0449448
0.0490755
0.0483295
0.0487155
0.0473436
0.0441316
0.0441826
0.0433368
0.0495513
0.0459576
0.0449567
0.0470858
0.0449893
0.0483178
0.0493017
0.0466211
0.0431512
0.0483772
0.048555
0.0464047
0.0472787
0.0516877
0.0525836
0.0455103
0.0559496
0.0454957
0.0447434
0.0491873
0.0450164
0.0449185
0.0456573
0.0450923
0.0481102
0.0544913
0.0428305
0.0416922
0.0470678
0.0461503
0.0427617
0.0453544
0.0439217
0.0435946
0.042306
0.0432511
0.0535761
0.0466078
0.0457088
0.0536269
0.0470662
0.0526941
0.0480464
0.0477173
0.049987
0.0440225
0.0446778
0.0433082
0.0427783
0.0507374
0.0441091
0.0471851
0.0449145
0.0456796
0.0516513
0.0436183
0.0398834
0.0427592
0.0443978
0.0439888
0.0464785
0.043746
0.0487091
0.0424688
0.0445207
0.0454975
0.0520622
0.0513718
0.0463306
0.0449767
0.0495415
0.050155
0.0430294
0.0421047
0.0461299
0.0461994
0.0413909
0.0444281
0.0491821
0.0525169
0.0440961
0.0471556
0.0439163
0.0474618
0.0386605
0.043865
0.0515948
0.0475123
0.0439747
0.0421904
0.0461019
0.0449492
0.0491645
0.0424266
0.0454708
0.0410211
0.0457983
0.0383609
0.0452699
0.0431606
0.0435096
0.0445412
0.054382
0.0452767
0.0456346
0.0455276
0.0445325
0.0428546
0.0463605
0.043041
0.0465227
0.0448132
0.0457003
0.0407407
0.0506451
0.0480638
0.0542737
0.0468699
0.0480373
0.0431094
0.043917
0.0409217
0.0480416
0.0452405
0.0480402
0.0467946
0.0458
0.0450312
0.0428776
0.0410101
0.0401028
0.0498807
0.0427823
0.0499452
0.0461408
0.0406723
0.0429916
0.0474873
0.0468501
0.0413603
0.0408385
0.0412174
0.0396034
0.0470353
0.042468
0.0400269
0.0409962
0.0449171
0.0473275
0.0435367
0.0442893
0.0417694
0.0458998
0.0398727
0.0446032
0.0479181
0.0432259
0.0465468
0.0464837
0.0431276
0.0452847
0.0430832
0.0488152
0.0413255
0.042782
0.0436284
0.0418908
0.0407998
0.0450675
0.0474522
0.0442172
0.0505261
0.0436831
0.0504573
0.0474477
0.0435357
0.0488638
0.0417949
0.0495001
0.0493125
0.0474092
0.0457387
0.0470042
0.0480757
0.0434258
0.0498145
0.0447103
0.0463236
0.0451949
0.049747
0.0479879
0.0455497
0.0438013
0.0458637
0.0446739
0.0450335
0.0437786
0.0462795
0.0487696
0.0593475
0.0470227
0.046237
0.0579176
0.0477237
0.0470652
0.0483867
0.049376
0.0475279
0.0455571
0.046626
0.0470702
0.050107
0.0436918
0.051496
0.0444926
0.0459876
0.0468352
0.0457397
0.0439978
0.0465569
0.0462489
0.0495685
0.0468616
0.0513174
0.0480128
0.0529218
0.0500723
0.0446559
0.044517
0.0480084
0.0460791
0.0519456
0.0478556
0.0469713
0.0436244
0.0527361
0.0482373
0.0483612
0.0465483
0.056792
0.0504296
0.0532483
0.0516744
0.0511543
0.0467435
0.0455269
0.0481288
0.0515537
0.0486663
0.048258
0.0459647
0.0506388
0.0499863
0.0511137
0.04657
0.0495471
0.0453236
0.0486099
0.0528151
0.0447824
0.0486835
0.0518258
0.0465008
0.0486436
0.0488327
0.0500842
0.050937
0.0477443
0.0489403
0.0503929
0.0542106
0.053351
0.0582661
0.0559084
0.0519604
0.0454544
0.0490385
0.0486527
0.0608154
0.0518252
0.0566199
0.0488002
0.0537937
0.0522188
0.0512648
0.0512394
0.0564221
0.0491118
0.050308
0.0493156
0.0565408
0.0481707
0.04911
0.0562274
0.0527338
0.0588731
0.0453793
0.0465932
0.055599
0.0510731
0.0513977
0.0568551
0.0479173
0.0518519
0.0561716
0.0504382
0.0529872
0.0519537
0.0504915
0.049112
0.0516818
0.0508186
0.050907
0.0502271
0.0515532
0.0492534
0.0515448
0.0491088
0.0488192
0.0582785
0.0512104
0.055984
0.0516359
0.0540683
0.0480806
0.0494983
0.0486353
0.0506885
0.0482888
0.0540296
0.0530903
0.0515667
0.0543261
0.0523436
0.0519364
0.0508664
0.0548818
0.0535419
0.0482668
0.0525211
0.0634352
0.0524703
0.0608437
0.0548104
0.0530102
0.0497745
0.0487859
0.0564663
0.0525569
0.0536019
0.0486377
0.0513821
0.0521221
0.0508848
0.0524528
0.0500466
0.0544303
0.0550964
0.0533038
0.049784
0.0507471
0.0533599
0.0521775
0.0498969
0.0500381
0.0541787
0.0568977
0.0531692
0.0568992
0.0540128
0.0522077
0.0512333
0.050799
0.0537652
0.0604015
0.0525127
0.060359
0.0526304
0.049365
0.0486865
0.054592
0.0509538
0.0525614
0.0528851
0.0493158
0.0574877
0.0487412
0.050896
0.0513377
0.0459686
0.0519127
0.052052
0.0510923
0.0483952
0.051843
0.0528632
0.0563442
0.0476188
0.0532411
0.0538428
0.0522577
0.049249
0.0487036
0.0529981
0.0493324
0.0489893
0.0516259
0.0445487
0.050496
0.0526283
0.0566722
0.0481573
0.0526496
0.0456391
0.0486755
0.0513944
0.0483776
0.0538835
0.0507998
0.049178
0.0502206
0.0566138
0.0548876
0.0560638
0.04887
0.0524285
0.0570614
0.0539766
0.0508023
0.0582976
0.0563119
0.059296
0.0554247
0.0487013
0.0493759
0.052791
0.0598422
0.0584852
0.0492418
0.0528646
0.054396
0.0499546
0.0583064
0.0507374
0.057832
0.0532928
0.0493546
0.0542683
0.0559386
0.051541
0.0537105
0.0517626
0.0502887
0.0529386
0.051321
0.054005
0.0543234
0.0485524
0.0557507
0.0524913
0.0572839
0.0541481
0.0560915
0.0552237
0.0569907
