0.0116445
0.0210505
0.0128688
0.00932847
0.0100748
0.0104466
0.00978803
0.0126766
0.0157362
0.0124928
0.0150212
0.0108099
0.0144294
0.0132778
0.0126986
0.0128235
0.0167668
0.0128733
0.0158502
0.0163665
0.0148246
0.015492
0.0171166
0.0146438
0.0200627
0.0153386
0.0151206
0.0147993
0.018312
0.0146965
0.0143067
0.016581
0.0150769
0.0142446
0.0151201
0.0211268
0.0196566
0.0151698
0.0166963
0.0182332
0.0168319
0.0164827
0.0156286
0.0155386
0.0155459
0.0183075
0.020765
0.0165163
0.0189581
0.0159537
0.0172642
0.0162379
0.0147594
0.0160221
0.0159387
0.0149978
0.0203111
0.0150636
0.0168819
0.0181417
0.0187609
0.0176478
0.0190561
0.0201134
0.0184657
0.0192485
0.017448
0.0161569
0.0197019
0.0182475
0.0187864
0.0180513
0.0195764
0.0184564
0.0181449
0.0150698
0.0172902
0.0184676
0.0169493
0.0171988
0.0179252
0.0174447
0.0176819
0.0171851
0.0188918
0.021084
0.0189773
0.0189412
0.0181943
0.0203293
0.0196966
0.0190408
0.0175489
0.022473
0.0245889
0.0184275
0.0195305
0.0200104
0.016431
0.0186232
0.0175656
0.0175275
0.0185187
0.0180043
0.0170916
0.0158279
0.0159258
0.01863
0.0179501
0.0199127
0.0169131
0.0165076
0.0169994
0.0184268
0.0147561
0.0187436
0.0184009
0.0186757
0.0181408
0.0181745
0.01875
0.0181073
0.0169089
0.0180621
0.017221
0.0245786
0.0204491
0.0167023
0.0187253
0.0167716
0.0152165
0.0173816
0.0164015
0.017879
0.0176388
0.0198881
0.0153033
0.0210008
0.0132075
0.0147805
0.0167912
0.017492
0.0109066
0.0149247
0.0132673
0.0152359
0.0143457
0.0110878
0.00980698
0.0125938
0.0130227
0.0135633
0.013011
0.0158885
0.0154251
0.0125976
0.0122726
0.0159417
0.0154303
0.0111393
0.0112124
0.0113392
0.0138025
0.0100602
0.017334
0.0121312
0.0111022
0.0117811
0.016485
0.0155023
0.0122503
0.0145344
0.0132478
0.0122827
0.0166625
0.0215306
0.0183001
0.011875
0.0157647
0.0231486
0.0187594
0.0159143
0.0163921
0.019144
0.0126501
0.0152277
0.0158744
0.011792
0.0116032
0.0241046
0.0166327
0.0173849
0.0177448
0.0189821
0.0159155
0.0163057
0.011008
0.0159204
0.0172109
0.0171826
0.0163624
0.0164343
0.0179244
0.0167114
0.0212562
0.0151058
0.020383
0.0156396
0.0234578
0.0172222
0.0173112
0.0105966
0.0198423
0.014225
0.0240887
0.0242233
0.0235528
0.0205148
0.0246178
0.0143368
0.0222708
0.0212451
0.0221833
0.0116094
0.0139681
0.017329
0.0201778
0.0199727
0.0143131
0.0236335
0.0216572
0.0284027
0.0194633
0.0308782
0.0207479
0.0266069
0.0279469
0.0151845
0.0262709
0.0167464
0.0199908
0.0282492
0.0239562
0.0161645
0.0288005
0.0120792
0.0256265
0.0105306
0.0243825
0.0281414
0.0218321
0.0291036
0.0120656
0.016849
0.0238976
0.0300906
0.0202121
0.0236624
0.0205047
0.018713
0.0253876
0.0187251
0.0311141
0.0186763
0.0291466
0.0243621
0.0270101
0.0269824
0.0310641
0.025425
0.0266039
0.0260536
0.02717
0.0253538
0.020231
0.0210906
0.0259042
0.0238341
0.0375119
0.0316466
0.0340509
0.0350186
0.0371666
0.0322656
0.0205343
0.0210461
0.0262053
0.0271756
0.025824
0.0204442
0.0170613
0.0103503
0.0412371
0.0185641
0.0192943
0.0348674
0.0234454
0.0257018
0.0432344
0.013022
0.0278531
0.0331333
0.0288495
0.0293817
0.0400485
0.0362926
0.0276556
0.0407049
0.0257002
0.0199528
0.0282867
0.0350926
0.0438101
0.0310315
0.0445622
0.0272514
0.0478992
0.035263
0.026673
0.0350722
0.0201571
0.027742
0.0212576
0.0352215
0.044039
0.0345718
0.0280754
0.0441346
0.0283832
0.0454267
0.0268679
0.0344629
0.0304712
0.0273977
0.0268691
0.0381605
0.0214666
0.0305678
0.0233146
0.0357337
0.0378128
0.0381538
0.0399219
0.0275135
0.0256972
0.0193796
0.0467299
0.0357747
0.0302082
0.039347
0.0376565
0.037324
0.0284367
0.0462145
0.0455852
0.0369582
0.0482495
0.0381287
0.037764
0.0388155
0.0401935
0.0382871
0.0296959
0.0293182
0.0411859
0.0280155
0.035302
0.0483132
0.0502267
0.050806
0.0294252
0.0301716
0.0216057
0.0481955
0.0390888
0.0309016
0.0212489
0.0478885
0.0400459
0.017779
0.0378212
0.0382489
0.0205877
0.0409645
0.0318204
0.0228419
0.0307312
0.0419086
0.0415886
0.0415144
0.0389877
0.0413285
0.041278
0.031657
0.0296907
0.0302124
0.0299351
0.0301872
0.0322465
0.0225666
0.0313539
0.0436063
0.0226188
0.0412522
0.0433851
0.0505019
0.0339917
0.0412598
0.0427485
0.0202423
0.0304624
0.0347927
0.040829
0.0217067
0.0227842
0.0326722
0.0422866
0.041248
0.02938
0.0316219
0.0381321
0.0231915
0.023337
0.0216908
0.0263296
0.0255546
0.0264385
0.0337739
0.0452789
0.0472183
0.0358967
0.0360666
0.0120413
0.0217422
0.0221078
0.0243513
0.0251943
0.0247686
0.0397604
0.0242067
0.03539
0.0223201
0.0247659
0.0367064
0.0240179
0.0271166
0.024502
0.024145
0.0252905
0.0280744
0.0240261
0.0227409
0.034441
0.0283067
0.0241391
0.032892
0.0251654
0.0247759
0.0248033
0.0283337
0.0246923
0.0243783
0.034161
0.0225912
0.0186764
0.0226391
0.0218801
0.0225346
0.0234683
0.0239367
0.0232458
0.038202
0.0409114
0.0249629
0.0245325
0.0385719
0.0419364
0.0307996
0.0255299
0.0237363
0.0223553
0.0236577
0.0277191
0.0234233
0.0382223
0.026978
0.0266718
0.0240703
0.0248487
0.0310539
0.026821
0.0289012
0.0284248
0.0373753
0.0292832
0.0268585
0.0266406
0.0248597
0.0261394
0.026914
0.0254153
0.022939
0.0235273
0.0235385
0.0263882
0.0297484
0.0288984
0.0288286
0.0286573
0.0305476
0.0315838
0.0290804
0.0273715
0.0259784
0.0283526
0.0279684
0.0256113
0.0245004
0.0455833
0.0413558
0.0474737
0.0456404
0.0434286
0.0444371
0.0286599
0.0416375
0.0449483
0.0400936
0.0446922
0.0416017
0.0455058
0.0397012
0.042796
0.0440533
0.0426662
0.0481126
0.0422418
0.0426136
0.0418937
0.0448977
0.0458697
0.0450073
0.0512308
0.0451878
0.0487493
0.0507405
0.0450859
0.0458047
0.0428294
0.0444702
0.0320104
0.0469823
0.0500693
0.0497434
0.0497943
0.0462306
0.0501484
0.0435265
0.048726
0.050208
0.0482698
0.0516904
0.0622494
0.0478963
0.0538554
0.0469814
0.044678
0.0330499
0.0477755
0.0533122
0.0297036
0.0481831
0.0496932
0.0340642
0.0482613
0.0525996
0.0532136
0.0467806
0.0505334
0.0472793
0.0451585
0.0374452
0.0168757
0.047263
0.0489339
0.0320624
0.0481617
0.0302801
0.0511188
0.0495173
0.0550526
0.0456695
0.0548308
0.0484858
0.0485201
0.0296187
0.0456103
0.0493744
0.0452379
0.0309573
0.0444843
0.0212539
0.0353398
0.0293882
0.0341018
0.0315805
0.0385468
0.0317745
0.0246842
0.036548
0.0370493
0.0337873
0.0307449
0.0322645
0.0337618
0.0349034
0.0353093
0.0337886
0.0322858
0.0315309
0.0335002
0.0353023
0.0392819
0.0344434
0.0317147
0.0341047
0.0368868
0.0363638
0.0340618
0.0390412
0.036784
0.0356262
0.0400316
0.0358013
0.0339296
0.0359331
0.0371175
0.038372
0.0363822
0.0369359
0.0354059
0.0395916
0.02652
0.0309222
0.0306704
0.0329321
0.0323195
0.0351244
0.0330608
0.0389832
0.0313726
0.031197
0.0308555
0.0325956
0.0308703
0.0331336
0.0306398
0.0318894
0.0302804
0.0310971
0.0298734
0.0302283
0.0298764
0.0317592
0.0297896
0.0302475
0.0290664
0.0309916
0.0308124
0.0295731
0.00850273
0.0279394
0.0271395
0.031534
0.031385
0.0323077
0.0298162
0.0294362
0.0288124
0.0309478
0.0282123
0.0326517
0.0290749
0.0302947
0.0326746
0.0289809
0.0290818
0.0271568
0.0301899
0.0293303
0.0315004
0.0278599
0.0295916
0.0287603
0.0289423
0.0325365
0.0308291
0.0310161
0.0321948
0.0314093
0.0319905
0.0337136
0.0301697
0.0309846
0.0293688
0.0368058
0.0299335
0.0302041
0.0289857
0.032546
0.0325859
0.0301323
0.0289889
0.028068
0.0297598
0.0304703
0.0301493
0.0279146
0.0304035
0.0111394
0.0270439
0.0317024
0.0322165
0.0291523
0.0310387
0.0313593
0.0278176
0.027238
0.0334397
0.00895797
0.0101684
0.0287179
0.0297171
0.0304752
0.0311761
0.0288384
0.0311346
0.0326538
0.0304246
0.0332717
0.0273014
0.0291277
0.0352993
0.00926139
0.0123082
0.0157258
0.0101829
0.00888306
0.00916797
0.0109218
0.00973312
0.0109381
0.00896003
0.0114155
0.0136134
0.011212
0.00975128
0.00875517
0.00677696
0.00759698
0.0087334
0.0116503
0.00936733
0.009933
0.0112345
0.0139432
0.0106642
0.00906651
0.0113318
0.0121082
0.00956604
0.0090874
0.0115501
0.00983236
0.0119316
0.0108237
0.0122325
0.00904377
0.0120668
0.0140467
0.0106552
0.0140201
0.0127487
0.0196275
0.0136264
0.0167886
0.0109031
0.00948281
0.0111158
0.014881
0.0146294
0.00888578
0.0110388
0.0103823
0.0100948
0.0121618
0.0104798
0.0139097
0.0093149
0.0111239
0.0105653
0.0114679
0.0110672
0.00834198
0.0087694
0.0132419
0.0129478
0.0130309
0.018728
0.00579154
0.00804896
0.0107566
0.0136692
0.0138455
0.0153096
0.0145678
0.0148442
0.0117995
0.0135868
0.0127327
0.0114154
0.0176366
0.0104161
0.0130813
0.0120173
0.0128217
0.00868662
0.011854
0.0115833
0.0122901
0.0144369
0.0092005
0.0135471
0.0109315
0.0126855
0.0118457
0.0138719
0.0150558
0.0115263
0.0141675
0.0114107
0.00879116
0.00994872
0.0124281
0.0107738
0.00952674
0.0135571
0.00888583
0.0112823
0.011409
0.012735
0.00977431
0.0135083
0.0111254
0.0102264
0.00885675
0.00819499
0.0149807
0.0117942
0.00883493
0.0133225
0.0133355
0.013839
0.0149164
0.014911
0.0101369
0.0110854
0.0141696
0.0103708
0.0119858
0.014189
0.0137738
0.0110017
0.0153062
0.0140463
0.00964589
0.0144344
0.00895705
0.0137183
0.0132658
0.0116537
0.0115232
0.0126986
0.0100465
0.00951963
0.0103029
0.0162605
0.00988047
0.0127912
0.0140593
0.0116596
0.0130121
0.0135969
0.0212217
0.0134053
0.0128337
0.0148631
0.0163201
0.0142843
0.0103564
0.0141431
0.0190518
0.0125928
0.011999
0.0145053
0.0118372
0.0129886
0.0136839
0.0152878
0.012409
0.0129388
0.0148238
0.0138866
0.0121262
0.00994244
0.0114095
0.0160368
0.0112059
0.0145543
0.0129172
0.0128875
0.0137059
0.0137972
0.0112771
0.0149923
0.0126924
0.0128458
0.0161656
0.0184198
0.0129121
0.0128866
0.013157
0.0154776
0.012227
0.0106576
0.0162399
0.017228
0.0149139
0.0138847
0.012965
0.0113773
0.00947552
0.0101171
0.015455
0.0128548
0.0112322
0.00945817
0.0148281
0.0120008
0.0119829
0.0133158
0.0116324
0.0108519
0.0135004
0.00999783
0.0119158
0.0110398
0.0128316
0.0142032
0.0226616
0.0129617
0.0137126
0.0134047
0.0137209
0.00921221
0.0139226
0.0139839
0.0125334
0.0131208
0.0153878
0.0102096
0.0150179
0.0168209
0.0151792
0.0124189
0.0127434
0.00989985
0.0131531
0.0097546
0.0136765
0.0156955
0.0172016
0.00937141
0.0109223
0.0144125
0.0109142
0.0108419
0.0127852
0.0150614
0.0100766
0.0117476
0.0153491
0.0113082
0.0115449
0.0131566
0.0149947
0.0109032
0.0142613
0.0137605
0.0103617
0.013526
0.0127871
0.00933089
0.00963145
0.0125856
0.0144177
0.0133259
0.01264
0.0107717
0.0142373
0.00921625
0.0144076
0.01848
0.0119596
0.0147491
0.0162663
0.0140575
0.0104016
0.0111489
0.0183668
0.0115255
0.011948
0.0132134
0.0113133
0.0105628
0.0125443
0.0154758
0.012754
0.011654
0.00952595
0.0129059
0.0161374
0.0113801
0.0150542
0.0102939
0.0132837
0.0133902
0.0130605
0.0124648
0.012008
0.0123825
0.00931819
0.0134745
0.0108175
0.0104946
0.0104917
0.0160645
0.0142369
0.0129273
0.0101457
0.00959382
0.0118793
0.0106853
0.00964592
0.0122353
0.0105889
0.0149119
0.0108516
0.00977191
0.0134969
0.0139718
0.0130054
0.0100113
0.0149226
0.0100637
0.0114618
0.0130221
0.0117354
0.0098691
0.0111828
0.0119503
0.0102187
0.0113829
0.0112185
0.0114204
0.010636
0.0109864
0.0115783
0.0140722
0.0126826
0.0127188
0.0118111
0.0174222
0.0111035
0.0121912
0.00987167
0.0143976
0.0132938
0.0115228
0.0145266
0.0122737
0.008989
0.0139229
0.0128645
0.0129596
0.0094957
0.0111776
0.0162408
0.0185402
0.0163857
0.0145341
0.00980295
0.00963006
0.0144391
0.0117135
0.0129449
0.0118029
0.010636
0.0123864
0.0140071
0.0111321
0.0120793
0.0130562
0.00971046
0.0120807
0.0103285
0.0121661
0.0134986
0.0144736
0.0101196
0.0139257
0.0102422
0.0113206
0.014491
0.00905158
0.013046
0.0109528
0.0153645
0.0155764
0.0160613
0.0149539
0.00995511
0.00925546
0.0138906
0.0108059
0.0144755
0.0106537
0.0134933
0.00868621
0.0122348
0.0152755
0.0107496
0.0136362
0.014687
0.0116537
0.012905
0.0118955
0.0155258
0.00930738
0.0101243
0.0142598
0.0130787
0.0198793
0.00737776
0.00683798
0.0110916
0.0127877
0.0103525
0.00979048
0.00842507
0.0119323
0.0167691
0.0113242
0.0129653
0.0132295
0.0112959
0.0085865
0.0116104
0.0094263
0.0110854
0.00908907
0.0133848
0.0102541
0.0088758
0.00845874
0.00845917
0.0152678
0.0127814
0.010696
0.0092253
0.0131143
0.00743978
0.00541028
0.00572564
0.00700692
0.00734397
0.00979972
0.0123295
0.0131259
0.0123136
0.0125003
0.0104171
0.00936333
0.0115399
0.0124072
0.00999206
0.0113042
0.016666
0.0117066
0.0169888
0.00938707
0.0127692
0.00926189
0.00895897
0.0115021
0.0104287
0.0105003
0.00822855
0.00958492
0.00988187
0.0112204
0.0106843
0.0105778
0.0141472
0.010187
0.011058
0.0105186
0.00947607
0.0124279
0.00941196
0.0098528
0.00916546
0.00977671
0.014858
0.0137723
0.0158567
0.0112874
0.0131057
0.0106507
0.0121098
0.0114796
0.0134372
0.0106809
0.0177316
0.0152899
0.0083272
0.011114
0.0115099
0.0105906
0.0107435
0.013657
0.0108517
0.0128348
0.0115421
0.0166814
0.0124669
0.0118205
0.0148164
0.014322
0.010178
0.0122411
0.0135744
0.0134773
0.0120232
0.0109925
0.0149193
0.0127652
0.010299
0.0130742
0.0126021
0.0149057
0.0141494
0.0121987
0.00978724
0.00992473
0.0103235
0.0108199
0.011433
0.00955809
0.0142414
0.00894076
0.0103783
0.00860098
0.0130022
0.0132409
0.00916484
0.00974189
0.0113563
0.0125459
0.011428
0.0114083
0.00953002
0.0109254
0.0145661
0.0097806
0.0106218
0.013384
0.0107891
0.0136588
0.0146001
0.00891258
0.00983986
0.0106356
0.0137576
0.0138454
0.0106696
0.00888301
0.0123768
0.0110189
0.0155807
0.00975487
0.0123681
0.0135679
0.0100398
0.0110481
0.0120501
0.0116328
0.0150944
0.0101317
0.0118137
0.0149548
0.014203
0.015016
0.0116099
0.012337
0.0117977
0.0126702
0.0126223
0.0138757
0.0134217
0.0109285
0.0157651
